#
# nd_dalaran.mtl
#

newmtl Dungeons\Textures\Dalaran\Dal_Trim01
Kd 0.750000 0.750000 0.750000
Ka 0.250000 0.250000 0.250000
Ks 0.000000 0.000000 0.000000
Ns 0.000000
map_Kd Dal_Trim01.tga

newmtl Dungeons\Textures\Dalaran\Dal_Basewalldark
Kd 0.750000 0.750000 0.750000
Ka 0.250000 0.250000 0.250000
Ks 0.000000 0.000000 0.000000
Ns 0.000000
map_Kd Dal_Basewalldark.tga

newmtl Dungeons\Textures\Dalaran\Dal_Walldecodark_Btm
Kd 0.750000 0.750000 0.750000
Ka 0.250000 0.250000 0.250000
Ks 0.000000 0.000000 0.000000
Ns 0.000000
map_Kd Dal_Walldecodark_Btm.tga

newmtl Dungeons\Textures\Dalaran\Dal_Walldeco_03
Kd 0.750000 0.750000 0.750000
Ka 0.250000 0.250000 0.250000
Ks 0.000000 0.000000 0.000000
Ns 0.000000
map_Kd Dal_Walldeco_03.tga

newmtl Dungeons\Textures\Dalaran\Dal_Floor_03
Kd 0.750000 0.750000 0.750000
Ka 0.250000 0.250000 0.250000
Ks 0.000000 0.000000 0.000000
Ns 0.000000
map_Kd Dal_Floor_03.tga

newmtl Dungeons\Textures\Dalaran\Eb_Dalaran_Trim001Dark
Kd 0.750000 0.750000 0.750000
Ka 0.250000 0.250000 0.250000
Ks 0.000000 0.000000 0.000000
Ns 0.000000
map_Kd Eb_Dalaran_Trim001Dark.tga

newmtl Dungeons\Textures\Dalaran\Dal_Trim04
Kd 0.750000 0.750000 0.750000
Ka 0.250000 0.250000 0.250000
Ks 0.000000 0.000000 0.000000
Ns 0.000000
map_Kd Dal_Trim04.tga

newmtl Dungeons\Textures\Dalaran\Tradskill\Dal_Tradskill_Table
Kd 0.750000 0.750000 0.750000
Ka 0.250000 0.250000 0.250000
Ks 0.000000 0.000000 0.000000
Ns 0.000000
map_Kd Dal_Tradskill_Table.tga

newmtl Dungeons\Textures\Dalaran\Dal_Trim05
Kd 0.750000 0.750000 0.750000
Ka 0.250000 0.250000 0.250000
Ks 0.000000 0.000000 0.000000
Ns 0.000000
map_Kd Dal_Trim05.tga

newmtl Dungeons\Textures\Dalaran\Dal_Trim01
Kd 0.750000 0.750000 0.750000
Ka 0.250000 0.250000 0.250000
Ks 0.000000 0.000000 0.000000
Ns 0.000000
map_Kd Dal_Trim01.tga

newmtl Dungeons\Textures\Dalaran\Dal_Walldecodark_Btm
Kd 0.750000 0.750000 0.750000
Ka 0.250000 0.250000 0.250000
Ks 0.000000 0.000000 0.000000
Ns 0.000000
map_Kd Dal_Walldecodark_Btm.tga

newmtl Dungeons\Textures\Dalaran\Dal_Stairs_Drk
Kd 0.750000 0.750000 0.750000
Ka 0.250000 0.250000 0.250000
Ks 0.000000 0.000000 0.000000
Ns 0.000000
map_Kd Dal_Stairs_Drk.tga

newmtl Dungeons\Textures\Dalaran\Dal_Walldeco_03
Kd 0.750000 0.750000 0.750000
Ka 0.250000 0.250000 0.250000
Ks 0.000000 0.000000 0.000000
Ns 0.000000
map_Kd Dal_Walldeco_03.tga

newmtl Dungeons\Textures\Dalaran\Dal_Floor_03
Kd 0.750000 0.750000 0.750000
Ka 0.250000 0.250000 0.250000
Ks 0.000000 0.000000 0.000000
Ns 0.000000
map_Kd Dal_Floor_03.tga

newmtl Dungeons\Textures\Dalaran\Eb_Dalaran_Trim001Dark
Kd 0.750000 0.750000 0.750000
Ka 0.250000 0.250000 0.250000
Ks 0.000000 0.000000 0.000000
Ns 0.000000
map_Kd Eb_Dalaran_Trim001Dark.tga

newmtl Dungeons\Textures\Dalaran\Dal_Trim04
Kd 0.750000 0.750000 0.750000
Ka 0.250000 0.250000 0.250000
Ks 0.000000 0.000000 0.000000
Ns 0.000000
map_Kd Dal_Trim04.tga

newmtl Dungeons\Textures\Dalaran\Tradskill\Dal_Tradskill_Table
Kd 0.750000 0.750000 0.750000
Ka 0.250000 0.250000 0.250000
Ks 0.000000 0.000000 0.000000
Ns 0.000000
map_Kd Dal_Tradskill_Table.tga

newmtl Dungeons\Textures\Dalaran\Dal_Trim05
Kd 0.750000 0.750000 0.750000
Ka 0.250000 0.250000 0.250000
Ks 0.000000 0.000000 0.000000
Ns 0.000000
map_Kd Dal_Trim05.tga

newmtl Dungeons\Textures\Dalaran\Dal_Swirllcieling
Kd 0.750000 0.750000 0.750000
Ka 0.250000 0.250000 0.250000
Ks 0.000000 0.000000 0.000000
Ns 0.000000
map_Kd Dal_Swirllcieling.tga

newmtl Dungeons\Textures\Floor\Kg_Marble_Floor_Checker_01
Kd 0.750000 0.750000 0.750000
Ka 0.250000 0.250000 0.250000
Ks 0.000000 0.000000 0.000000
Ns 0.000000
map_Kd Kg_Marble_Floor_Checker_01.tga

newmtl World\Expansion02\Doodads\Generic\Barbershop\Barbermirror_01
Kd 0.750000 0.750000 0.750000
Ka 0.250000 0.250000 0.250000
Ks 0.000000 0.000000 0.000000
Ns 0.000000
map_Kd Barbermirror_01.tga

newmtl Dungeons\Textures\Dalaran\Eb_Dalaran_Trim001
Kd 0.750000 0.750000 0.750000
Ka 0.250000 0.250000 0.250000
Ks 0.000000 0.000000 0.000000
Ns 0.000000
map_Kd Eb_Dalaran_Trim001.tga

newmtl Dungeons\Textures\Dalaran\Dal_Trim03
Kd 0.750000 0.750000 0.750000
Ka 0.250000 0.250000 0.250000
Ks 0.000000 0.000000 0.000000
Ns 0.000000
map_Kd Dal_Trim03.tga

newmtl Dungeons\Textures\Dalaran\Dal_Stairs_Lite
Kd 0.750000 0.750000 0.750000
Ka 0.250000 0.250000 0.250000
Ks 0.000000 0.000000 0.000000
Ns 0.000000
map_Kd Dal_Stairs_Lite.tga

newmtl Dungeons\Textures\Dalaran\Dal_Walldeco_03
Kd 0.750000 0.750000 0.750000
Ka 0.250000 0.250000 0.250000
Ks 0.000000 0.000000 0.000000
Ns 0.000000
map_Kd Dal_Walldeco_03.tga

newmtl Dungeons\Textures\Dalaran\Dal_Floor_03
Kd 0.750000 0.750000 0.750000
Ka 0.250000 0.250000 0.250000
Ks 0.000000 0.000000 0.000000
Ns 0.000000
map_Kd Dal_Floor_03.tga

newmtl Dungeons\Textures\Dalaran\Dal_Trim04
Kd 0.750000 0.750000 0.750000
Ka 0.250000 0.250000 0.250000
Ks 0.000000 0.000000 0.000000
Ns 0.000000
map_Kd Dal_Trim04.tga

newmtl Dungeons\Textures\Dalaran\Dal_Trim05
Kd 0.750000 0.750000 0.750000
Ka 0.250000 0.250000 0.250000
Ks 0.000000 0.000000 0.000000
Ns 0.000000
map_Kd Dal_Trim05.tga

newmtl Dungeons\Textures\Dalaran\Eb_Dalaran_Archstone1
Kd 0.750000 0.750000 0.750000
Ka 0.250000 0.250000 0.250000
Ks 0.000000 0.000000 0.000000
Ns 0.000000
map_Kd Eb_Dalaran_Archstone1.tga

newmtl Dungeons\Textures\Dalaran\Eb_Dalaran_Trim002
Kd 0.750000 0.750000 0.750000
Ka 0.250000 0.250000 0.250000
Ks 0.000000 0.000000 0.000000
Ns 0.000000
map_Kd Eb_Dalaran_Trim002.tga

newmtl Dungeons\Textures\Dalaran\Eb_Dalaran_Trim001
Kd 0.750000 0.750000 0.750000
Ka 0.250000 0.250000 0.250000
Ks 0.000000 0.000000 0.000000
Ns 0.000000
map_Kd Eb_Dalaran_Trim001.tga

newmtl Dungeons\Textures\Dalaran\Dal_Basewall
Kd 0.750000 0.750000 0.750000
Ka 0.250000 0.250000 0.250000
Ks 0.000000 0.000000 0.000000
Ns 0.000000
map_Kd Dal_Basewall.tga

newmtl Dungeons\Textures\Dalaran\Dal_Trim03
Kd 0.750000 0.750000 0.750000
Ka 0.250000 0.250000 0.250000
Ks 0.000000 0.000000 0.000000
Ns 0.000000
map_Kd Dal_Trim03.tga

newmtl Dungeons\Textures\Dalaran\Dal_Walldecodark_Btm
Kd 0.750000 0.750000 0.750000
Ka 0.250000 0.250000 0.250000
Ks 0.000000 0.000000 0.000000
Ns 0.000000
map_Kd Dal_Walldecodark_Btm.tga

newmtl Dungeons\Textures\Dalaran\Dal_Walldeco_03
Kd 0.750000 0.750000 0.750000
Ka 0.250000 0.250000 0.250000
Ks 0.000000 0.000000 0.000000
Ns 0.000000
map_Kd Dal_Walldeco_03.tga

newmtl Dungeons\Textures\Dalaran\Dal_Floor_03
Kd 0.750000 0.750000 0.750000
Ka 0.250000 0.250000 0.250000
Ks 0.000000 0.000000 0.000000
Ns 0.000000
map_Kd Dal_Floor_03.tga

newmtl Dungeons\Textures\Dalaran\Dal_Trim05
Kd 0.750000 0.750000 0.750000
Ka 0.250000 0.250000 0.250000
Ks 0.000000 0.000000 0.000000
Ns 0.000000
map_Kd Dal_Trim05.tga

newmtl Dungeons\Textures\Dalaran\Dal_Swirllcieling
Kd 0.750000 0.750000 0.750000
Ka 0.250000 0.250000 0.250000
Ks 0.000000 0.000000 0.000000
Ns 0.000000
map_Kd Dal_Swirllcieling.tga

newmtl Dungeons\Textures\Dalaran\Dal_Trim02
Kd 0.750000 0.750000 0.750000
Ka 0.250000 0.250000 0.250000
Ks 0.000000 0.000000 0.000000
Ns 0.000000
map_Kd Dal_Trim02.tga

newmtl Dungeons\Textures\Dalaran\Dal_Floor_02
Kd 0.750000 0.750000 0.750000
Ka 0.250000 0.250000 0.250000
Ks 0.000000 0.000000 0.000000
Ns 0.000000
map_Kd Dal_Floor_02.tga

newmtl Dungeons\Textures\Dalaran\Dal_Basewalldark
Kd 0.750000 0.750000 0.750000
Ka 0.250000 0.250000 0.250000
Ks 0.000000 0.000000 0.000000
Ns 0.000000
map_Kd Dal_Basewalldark.tga

newmtl Dungeons\Textures\Dalaran\Dal_Floor_02
Kd 0.750000 0.750000 0.750000
Ka 0.250000 0.250000 0.250000
Ks 0.000000 0.000000 0.000000
Ns 0.000000
map_Kd Dal_Floor_02.tga

newmtl World\Expansion02\Doodads\Dalaran\Dal_Pillar_Decolite_01
Kd 0.750000 0.750000 0.750000
Ka 0.250000 0.250000 0.250000
Ks 0.000000 0.000000 0.000000
Ns 0.000000
map_Kd Dal_Pillar_Decolite_01.tga

newmtl Dungeons\Textures\Dalaran\Eb_Dalaran_Stonetrim3
Kd 0.750000 0.750000 0.750000
Ka 0.250000 0.250000 0.250000
Ks 0.000000 0.000000 0.000000
Ns 0.000000
map_Kd Eb_Dalaran_Stonetrim3.tga

newmtl Dungeons\Textures\Dalaran\Dal_Floor_02
Kd 0.750000 0.750000 0.750000
Ka 0.250000 0.250000 0.250000
Ks 0.000000 0.000000 0.000000
Ns 0.000000
map_Kd Dal_Floor_02.tga

newmtl Dungeons\Textures\Dalaran\Dal_Basewalldark
Kd 0.750000 0.750000 0.750000
Ka 0.250000 0.250000 0.250000
Ks 0.000000 0.000000 0.000000
Ns 0.000000
map_Kd Dal_Basewalldark.tga

newmtl World\Expansion02\Doodads\Dalaran\Dal_Pillar_Decolite_01
Kd 0.750000 0.750000 0.750000
Ka 0.250000 0.250000 0.250000
Ks 0.000000 0.000000 0.000000
Ns 0.000000
map_Kd Dal_Pillar_Decolite_01.tga

newmtl Dungeons\Textures\Dalaran\Eb_Dalaran_Stonetrim3
Kd 0.750000 0.750000 0.750000
Ka 0.250000 0.250000 0.250000
Ks 0.000000 0.000000 0.000000
Ns 0.000000
map_Kd Eb_Dalaran_Stonetrim3.tga

newmtl Dungeons\Textures\Dalaran\Eb_Dalaran_Trim002
Kd 0.750000 0.750000 0.750000
Ka 0.250000 0.250000 0.250000
Ks 0.000000 0.000000 0.000000
Ns 0.000000
map_Kd Eb_Dalaran_Trim002.tga

newmtl Dungeons\Textures\Dalaran\Eb_Dalaran_Trim001
Kd 0.750000 0.750000 0.750000
Ka 0.250000 0.250000 0.250000
Ks 0.000000 0.000000 0.000000
Ns 0.000000
map_Kd Eb_Dalaran_Trim001.tga

newmtl Dungeons\Textures\Dalaran\Dal_Basewall
Kd 0.750000 0.750000 0.750000
Ka 0.250000 0.250000 0.250000
Ks 0.000000 0.000000 0.000000
Ns 0.000000
map_Kd Dal_Basewall.tga

newmtl Dungeons\Textures\Dalaran\Dal_Trim03
Kd 0.750000 0.750000 0.750000
Ka 0.250000 0.250000 0.250000
Ks 0.000000 0.000000 0.000000
Ns 0.000000
map_Kd Dal_Trim03.tga

newmtl Dungeons\Textures\Dalaran\Dal_Pillar
Kd 0.750000 0.750000 0.750000
Ka 0.250000 0.250000 0.250000
Ks 0.000000 0.000000 0.000000
Ns 0.000000
map_Kd Dal_Pillar.tga

newmtl Dungeons\Textures\Dalaran\Eb_Dalaran_Windows1
Kd 0.750000 0.750000 0.750000
Ka 0.250000 0.250000 0.250000
Ks 0.000000 0.000000 0.000000
Ns 0.000000
map_Kd Eb_Dalaran_Windows1.tga

newmtl Dungeons\Textures\Dalaran\Dal_Walldeco_Top
Kd 0.750000 0.750000 0.750000
Ka 0.250000 0.250000 0.250000
Ks 0.000000 0.000000 0.000000
Ns 0.000000
map_Kd Dal_Walldeco_Top.tga

newmtl Dungeons\Textures\Dalaran\Dal_Walldeco_Btm
Kd 0.750000 0.750000 0.750000
Ka 0.250000 0.250000 0.250000
Ks 0.000000 0.000000 0.000000
Ns 0.000000
map_Kd Dal_Walldeco_Btm.tga

newmtl Dungeons\Textures\Dalaran\Eb_Dalaran_Stonetrim6
Kd 0.750000 0.750000 0.750000
Ka 0.250000 0.250000 0.250000
Ks 0.000000 0.000000 0.000000
Ns 0.000000
map_Kd Eb_Dalaran_Stonetrim6.tga

newmtl Dungeons\Textures\Dalaran\Tradskill\Dal_Tradskill_Table
Kd 0.750000 0.750000 0.750000
Ka 0.250000 0.250000 0.250000
Ks 0.000000 0.000000 0.000000
Ns 0.000000
map_Kd Dal_Tradskill_Table.tga

newmtl Dungeons\Textures\Dalaran\Eb_Dalaran_Window3
Kd 0.750000 0.750000 0.750000
Ka 0.250000 0.250000 0.250000
Ks 0.000000 0.000000 0.000000
Ns 0.000000
map_Kd Eb_Dalaran_Window3.tga

newmtl Dungeons\Textures\Dalaran\Eb_Dal_Allianceglass
Kd 0.750000 0.750000 0.750000
Ka 0.250000 0.250000 0.250000
Ks 0.000000 0.000000 0.000000
Ns 0.000000
map_Kd Eb_Dal_Allianceglass.tga

newmtl Dungeons\Textures\Dalaran\Eb_Dalaran_Trim001
Kd 0.750000 0.750000 0.750000
Ka 0.250000 0.250000 0.250000
Ks 0.000000 0.000000 0.000000
Ns 0.000000
map_Kd Eb_Dalaran_Trim001.tga

newmtl Dungeons\Textures\Dalaran\Eb_Dalaran_Trim001
Kd 0.750000 0.750000 0.750000
Ka 0.250000 0.250000 0.250000
Ks 0.000000 0.000000 0.000000
Ns 0.000000
map_Kd Eb_Dalaran_Trim001.tga

newmtl Dungeons\Textures\Dalaran\Dal_Basewalldark
Kd 0.750000 0.750000 0.750000
Ka 0.250000 0.250000 0.250000
Ks 0.000000 0.000000 0.000000
Ns 0.000000
map_Kd Dal_Basewalldark.tga

newmtl Dungeons\Textures\Dalaran\Dal_Pillar
Kd 0.750000 0.750000 0.750000
Ka 0.250000 0.250000 0.250000
Ks 0.000000 0.000000 0.000000
Ns 0.000000
map_Kd Dal_Pillar.tga

newmtl Dungeons\Textures\Dalaran\Eb_Dalaran_Archstone1
Kd 0.750000 0.750000 0.750000
Ka 0.250000 0.250000 0.250000
Ks 0.000000 0.000000 0.000000
Ns 0.000000
map_Kd Eb_Dalaran_Archstone1.tga

newmtl Dungeons\Textures\Dalaran\Eb_Dalaran_Trim002Dark
Kd 0.750000 0.750000 0.750000
Ka 0.250000 0.250000 0.250000
Ks 0.000000 0.000000 0.000000
Ns 0.000000
map_Kd Eb_Dalaran_Trim002Dark.tga

newmtl Dungeons\Textures\Dalaran\Dal_Trim01
Kd 0.750000 0.750000 0.750000
Ka 0.250000 0.250000 0.250000
Ks 0.000000 0.000000 0.000000
Ns 0.000000
map_Kd Dal_Trim01.tga

newmtl Dungeons\Textures\Dalaran\Dal_Floor_03
Kd 0.750000 0.750000 0.750000
Ka 0.250000 0.250000 0.250000
Ks 0.000000 0.000000 0.000000
Ns 0.000000
map_Kd Dal_Floor_03.tga

newmtl Dungeons\Textures\Dalaran\Eb_Dalaran_Trim001
Kd 0.750000 0.750000 0.750000
Ka 0.250000 0.250000 0.250000
Ks 0.000000 0.000000 0.000000
Ns 0.000000
map_Kd Eb_Dalaran_Trim001.tga

newmtl Dungeons\Textures\Dalaran\Eb_Dalaran_Trim001Dark
Kd 0.750000 0.750000 0.750000
Ka 0.250000 0.250000 0.250000
Ks 0.000000 0.000000 0.000000
Ns 0.000000
map_Kd Eb_Dalaran_Trim001Dark.tga

newmtl Dungeons\Textures\Dalaran\Tradskill\Dal_Tradskill_Table
Kd 0.750000 0.750000 0.750000
Ka 0.250000 0.250000 0.250000
Ks 0.000000 0.000000 0.000000
Ns 0.000000
map_Kd Dal_Tradskill_Table.tga

newmtl Dungeons\Textures\Dalaran\Dal_Trim01
Kd 0.750000 0.750000 0.750000
Ka 0.250000 0.250000 0.250000
Ks 0.000000 0.000000 0.000000
Ns 0.000000
map_Kd Dal_Trim01.tga

newmtl Dungeons\Textures\Dalaran\Dal_Floor_03
Kd 0.750000 0.750000 0.750000
Ka 0.250000 0.250000 0.250000
Ks 0.000000 0.000000 0.000000
Ns 0.000000
map_Kd Dal_Floor_03.tga

newmtl Dungeons\Textures\Dalaran\Dal_Pillar
Kd 0.750000 0.750000 0.750000
Ka 0.250000 0.250000 0.250000
Ks 0.000000 0.000000 0.000000
Ns 0.000000
map_Kd Dal_Pillar.tga

newmtl Dungeons\Textures\Dalaran\Dal_Walldecodark
Kd 0.750000 0.750000 0.750000
Ka 0.250000 0.250000 0.250000
Ks 0.000000 0.000000 0.000000
Ns 0.000000
map_Kd Dal_Walldecodark.tga

newmtl Dungeons\Textures\Dalaran\Eb_Dalaran_Windows1
Kd 0.750000 0.750000 0.750000
Ka 0.250000 0.250000 0.250000
Ks 0.000000 0.000000 0.000000
Ns 0.000000
map_Kd Eb_Dalaran_Windows1.tga

newmtl Dungeons\Textures\Dalaran\Eb_Dalaran_Archstone1
Kd 0.750000 0.750000 0.750000
Ka 0.250000 0.250000 0.250000
Ks 0.000000 0.000000 0.000000
Ns 0.000000
map_Kd Eb_Dalaran_Archstone1.tga

newmtl Dungeons\Textures\Dalaran\Dal_Crystalcieling
Kd 0.750000 0.750000 0.750000
Ka 0.250000 0.250000 0.250000
Ks 0.000000 0.000000 0.000000
Ns 0.000000
map_Kd Dal_Crystalcieling.tga

newmtl Dungeons\Textures\Dalaran\Dal_Floormedallion
Kd 0.750000 0.750000 0.750000
Ka 0.250000 0.250000 0.250000
Ks 0.000000 0.000000 0.000000
Ns 0.000000
map_Kd Dal_Floormedallion.tga

newmtl Dungeons\Textures\Dalaran\Dal_Wallbtm
Kd 0.750000 0.750000 0.750000
Ka 0.250000 0.250000 0.250000
Ks 0.000000 0.000000 0.000000
Ns 0.000000
map_Kd Dal_Wallbtm.tga

newmtl World\Expansion02\Doodads\Dalaran\Eb_Dalaran_Prisondr3
Kd 0.750000 0.750000 0.750000
Ka 0.250000 0.250000 0.250000
Ks 0.000000 0.000000 0.000000
Ns 0.000000
map_Kd Eb_Dalaran_Prisondr3.tga

newmtl Dungeons\Textures\Dalaran\Eb_Dalaran_Brick006
Kd 0.750000 0.750000 0.750000
Ka 0.250000 0.250000 0.250000
Ks 0.000000 0.000000 0.000000
Ns 0.000000
map_Kd Eb_Dalaran_Brick006.tga

newmtl Dungeons\Textures\Dalaran\Dal_Trim03
Kd 0.750000 0.750000 0.750000
Ka 0.250000 0.250000 0.250000
Ks 0.000000 0.000000 0.000000
Ns 0.000000
map_Kd Dal_Trim03.tga

newmtl Dungeons\Textures\Dalaran\Eb_Dalaran_Tinycrystal
Kd 0.750000 0.750000 0.750000
Ka 0.250000 0.250000 0.250000
Ks 0.000000 0.000000 0.000000
Ns 0.000000
map_Kd Eb_Dalaran_Tinycrystal.tga

newmtl Dungeons\Textures\Dalaran\Eb_Dalaran_Tower_Pole
Kd 0.750000 0.750000 0.750000
Ka 0.250000 0.250000 0.250000
Ks 0.000000 0.000000 0.000000
Ns 0.000000
map_Kd Eb_Dalaran_Tower_Pole.tga

newmtl Dungeons\Textures\Dalaran\Eb_Dalaran_Brick005
Kd 0.750000 0.750000 0.750000
Ka 0.250000 0.250000 0.250000
Ks 0.000000 0.000000 0.000000
Ns 0.000000
map_Kd Eb_Dalaran_Brick005.tga

newmtl World\Expansion02\Doodads\Dalaran\Dal_Pillar_Decolite_01
Kd 0.750000 0.750000 0.750000
Ka 0.250000 0.250000 0.250000
Ks 0.000000 0.000000 0.000000
Ns 0.000000
map_Kd Dal_Pillar_Decolite_01.tga

newmtl Dungeons\Textures\Dalaran\Dal_Pillar
Kd 0.750000 0.750000 0.750000
Ka 0.250000 0.250000 0.250000
Ks 0.000000 0.000000 0.000000
Ns 0.000000
map_Kd Dal_Pillar.tga

newmtl Dungeons\Textures\Dalaran\Dal_Trim01
Kd 0.750000 0.750000 0.750000
Ka 0.250000 0.250000 0.250000
Ks 0.000000 0.000000 0.000000
Ns 0.000000
map_Kd Dal_Trim01.tga

newmtl Dungeons\Textures\Dalaran\Dal_Basewalldark
Kd 0.750000 0.750000 0.750000
Ka 0.250000 0.250000 0.250000
Ks 0.000000 0.000000 0.000000
Ns 0.000000
map_Kd Dal_Basewalldark.tga

newmtl Dungeons\Textures\Dalaran\Dal_Mosiacroof_Blue
Kd 0.750000 0.750000 0.750000
Ka 0.250000 0.250000 0.250000
Ks 0.000000 0.000000 0.000000
Ns 0.000000
map_Kd Dal_Mosiacroof_Blue.tga

newmtl Dungeons\Textures\Dalaran\Dal_Basewall_Pattern
Kd 0.750000 0.750000 0.750000
Ka 0.250000 0.250000 0.250000
Ks 0.000000 0.000000 0.000000
Ns 0.000000
map_Kd Dal_Basewall_Pattern.tga

newmtl Dungeons\Textures\Dalaran\Dal_Brickwalldark
Kd 0.750000 0.750000 0.750000
Ka 0.250000 0.250000 0.250000
Ks 0.000000 0.000000 0.000000
Ns 0.000000
map_Kd Dal_Brickwalldark.tga

newmtl Dungeons\Textures\Dalaran\Dal_Stairs_Lite
Kd 0.750000 0.750000 0.750000
Ka 0.250000 0.250000 0.250000
Ks 0.000000 0.000000 0.000000
Ns 0.000000
map_Kd Dal_Stairs_Lite.tga

newmtl Dungeons\Textures\Dalaran\Eb_Dalaran_Archstone1
Kd 0.750000 0.750000 0.750000
Ka 0.250000 0.250000 0.250000
Ks 0.000000 0.000000 0.000000
Ns 0.000000
map_Kd Eb_Dalaran_Archstone1.tga

newmtl Dungeons\Textures\Dalaran\Eb_Dalaran_Archstone1
Kd 0.750000 0.750000 0.750000
Ka 0.250000 0.250000 0.250000
Ks 0.000000 0.000000 0.000000
Ns 0.000000
map_Kd Eb_Dalaran_Archstone1.tga

newmtl Dungeons\Textures\Dalaran\Tradskill\Jewelcrafting_Jewel
Kd 0.750000 0.750000 0.750000
Ka 0.250000 0.250000 0.250000
Ks 0.000000 0.000000 0.000000
Ns 0.000000
map_Kd Jewelcrafting_Jewel.tga

newmtl Dungeons\Textures\Dalaran\Dal_Brickwalldark
Kd 0.750000 0.750000 0.750000
Ka 0.250000 0.250000 0.250000
Ks 0.000000 0.000000 0.000000
Ns 0.000000
map_Kd Dal_Brickwalldark.tga

newmtl Dungeons\Textures\Dalaran\Dal_Pillardark
Kd 0.750000 0.750000 0.750000
Ka 0.250000 0.250000 0.250000
Ks 0.000000 0.000000 0.000000
Ns 0.000000
map_Kd Dal_Pillardark.tga

newmtl Dungeons\Textures\Dalaran\Eb_Dalaran_Portalwindow
Kd 0.750000 0.750000 0.750000
Ka 0.250000 0.250000 0.250000
Ks 0.000000 0.000000 0.000000
Ns 0.000000
map_Kd Eb_Dalaran_Portalwindow.tga

newmtl Dungeons\Textures\Dalaran\Dal_Basewall
Kd 0.750000 0.750000 0.750000
Ka 0.250000 0.250000 0.250000
Ks 0.000000 0.000000 0.000000
Ns 0.000000
map_Kd Dal_Basewall.tga

newmtl Dungeons\Textures\Dalaran\Dal_Trim03
Kd 0.750000 0.750000 0.750000
Ka 0.250000 0.250000 0.250000
Ks 0.000000 0.000000 0.000000
Ns 0.000000
map_Kd Dal_Trim03.tga

newmtl Dungeons\Textures\Dalaran\Dal_Walldeco_03
Kd 0.750000 0.750000 0.750000
Ka 0.250000 0.250000 0.250000
Ks 0.000000 0.000000 0.000000
Ns 0.000000
map_Kd Dal_Walldeco_03.tga

newmtl Dungeons\Textures\Dalaran\Dal_Floor_03
Kd 0.750000 0.750000 0.750000
Ka 0.250000 0.250000 0.250000
Ks 0.000000 0.000000 0.000000
Ns 0.000000
map_Kd Dal_Floor_03.tga

newmtl Dungeons\Textures\Dalaran\Eb_Dalaran_Trim001
Kd 0.750000 0.750000 0.750000
Ka 0.250000 0.250000 0.250000
Ks 0.000000 0.000000 0.000000
Ns 0.000000
map_Kd Eb_Dalaran_Trim001.tga

newmtl Dungeons\Textures\Dalaran\Dal_Trim02
Kd 0.750000 0.750000 0.750000
Ka 0.250000 0.250000 0.250000
Ks 0.000000 0.000000 0.000000
Ns 0.000000
map_Kd Dal_Trim02.tga

newmtl World\Expansion02\Doodads\Dalaran\Dal_Pillar_Decolite_01
Kd 0.750000 0.750000 0.750000
Ka 0.250000 0.250000 0.250000
Ks 0.000000 0.000000 0.000000
Ns 0.000000
map_Kd Dal_Pillar_Decolite_01.tga

newmtl Dungeons\Textures\Dalaran\Eb_Dalaran_Archstone1
Kd 0.750000 0.750000 0.750000
Ka 0.250000 0.250000 0.250000
Ks 0.000000 0.000000 0.000000
Ns 0.000000
map_Kd Eb_Dalaran_Archstone1.tga

newmtl Dungeons\Textures\Dalaran\Dal_Basewall
Kd 0.750000 0.750000 0.750000
Ka 0.250000 0.250000 0.250000
Ks 0.000000 0.000000 0.000000
Ns 0.000000
map_Kd Dal_Basewall.tga

newmtl Dungeons\Textures\Dalaran\Dal_Pillar
Kd 0.750000 0.750000 0.750000
Ka 0.250000 0.250000 0.250000
Ks 0.000000 0.000000 0.000000
Ns 0.000000
map_Kd Dal_Pillar.tga

newmtl Dungeons\Textures\Dalaran\Dal_Walldeco_Btm
Kd 0.750000 0.750000 0.750000
Ka 0.250000 0.250000 0.250000
Ks 0.000000 0.000000 0.000000
Ns 0.000000
map_Kd Dal_Walldeco_Btm.tga

newmtl Dungeons\Textures\Dalaran\Dal_Walldeco_03
Kd 0.750000 0.750000 0.750000
Ka 0.250000 0.250000 0.250000
Ks 0.000000 0.000000 0.000000
Ns 0.000000
map_Kd Dal_Walldeco_03.tga

newmtl Dungeons\Textures\Dalaran\Dal_Floor_03
Kd 0.750000 0.750000 0.750000
Ka 0.250000 0.250000 0.250000
Ks 0.000000 0.000000 0.000000
Ns 0.000000
map_Kd Dal_Floor_03.tga

newmtl Dungeons\Textures\Dalaran\Eb_Dalaran_Trim001
Kd 0.750000 0.750000 0.750000
Ka 0.250000 0.250000 0.250000
Ks 0.000000 0.000000 0.000000
Ns 0.000000
map_Kd Eb_Dalaran_Trim001.tga

newmtl Dungeons\Textures\Dalaran\Dal_Floor_02Lite
Kd 0.750000 0.750000 0.750000
Ka 0.250000 0.250000 0.250000
Ks 0.000000 0.000000 0.000000
Ns 0.000000
map_Kd Dal_Floor_02Lite.tga

newmtl Dungeons\Textures\Dalaran\Eb_Dalaran_Trim001
Kd 0.750000 0.750000 0.750000
Ka 0.250000 0.250000 0.250000
Ks 0.000000 0.000000 0.000000
Ns 0.000000
map_Kd Eb_Dalaran_Trim001.tga

newmtl Dungeons\Textures\Dalaran\Dal_Trim02
Kd 0.750000 0.750000 0.750000
Ka 0.250000 0.250000 0.250000
Ks 0.000000 0.000000 0.000000
Ns 0.000000
map_Kd Dal_Trim02.tga

newmtl Dungeons\Textures\Dalaran\Dal_Floor_02
Kd 0.750000 0.750000 0.750000
Ka 0.250000 0.250000 0.250000
Ks 0.000000 0.000000 0.000000
Ns 0.000000
map_Kd Dal_Floor_02.tga

newmtl World\Expansion02\Doodads\Dalaran\Dal_Pillar_Decolite_01
Kd 0.750000 0.750000 0.750000
Ka 0.250000 0.250000 0.250000
Ks 0.000000 0.000000 0.000000
Ns 0.000000
map_Kd Dal_Pillar_Decolite_01.tga

newmtl Dungeons\Textures\Dalaran\Eb_Dalaran_Archstone1
Kd 0.750000 0.750000 0.750000
Ka 0.250000 0.250000 0.250000
Ks 0.000000 0.000000 0.000000
Ns 0.000000
map_Kd Eb_Dalaran_Archstone1.tga

newmtl Dungeons\Textures\Dalaran\Eb_Dalaran_Windows1
Kd 0.750000 0.750000 0.750000
Ka 0.250000 0.250000 0.250000
Ks 0.000000 0.000000 0.000000
Ns 0.000000
map_Kd Eb_Dalaran_Windows1.tga

newmtl Dungeons\Textures\Dalaran\Dal_Stairs_Drk
Kd 0.750000 0.750000 0.750000
Ka 0.250000 0.250000 0.250000
Ks 0.000000 0.000000 0.000000
Ns 0.000000
map_Kd Dal_Stairs_Drk.tga

newmtl Dungeons\Textures\Dalaran\Eb_Dalaran_Archstone1
Kd 0.750000 0.750000 0.750000
Ka 0.250000 0.250000 0.250000
Ks 0.000000 0.000000 0.000000
Ns 0.000000
map_Kd Eb_Dalaran_Archstone1.tga

newmtl Dungeons\Textures\Dalaran\Dal_Floor_02
Kd 0.750000 0.750000 0.750000
Ka 0.250000 0.250000 0.250000
Ks 0.000000 0.000000 0.000000
Ns 0.000000
map_Kd Dal_Floor_02.tga

newmtl Dungeons\Textures\Dalaran\Dal_Brickwall_Med
Kd 0.750000 0.750000 0.750000
Ka 0.250000 0.250000 0.250000
Ks 0.000000 0.000000 0.000000
Ns 0.000000
map_Kd Dal_Brickwall_Med.tga

newmtl Dungeons\Textures\Dalaran\Dal_Stairs_Drk
Kd 0.750000 0.750000 0.750000
Ka 0.250000 0.250000 0.250000
Ks 0.000000 0.000000 0.000000
Ns 0.000000
map_Kd Dal_Stairs_Drk.tga

newmtl Dungeons\Textures\Dalaran\Dal_Basewall
Kd 0.750000 0.750000 0.750000
Ka 0.250000 0.250000 0.250000
Ks 0.000000 0.000000 0.000000
Ns 0.000000
map_Kd Dal_Basewall.tga

newmtl Dungeons\Textures\Dalaran\Dal_Trim01
Kd 0.750000 0.750000 0.750000
Ka 0.250000 0.250000 0.250000
Ks 0.000000 0.000000 0.000000
Ns 0.000000
map_Kd Dal_Trim01.tga

newmtl Dungeons\Textures\Dalaran\Dal_Pillar
Kd 0.750000 0.750000 0.750000
Ka 0.250000 0.250000 0.250000
Ks 0.000000 0.000000 0.000000
Ns 0.000000
map_Kd Dal_Pillar.tga

newmtl Dungeons\Textures\Dalaran\Dal_Basewalldark
Kd 0.750000 0.750000 0.750000
Ka 0.250000 0.250000 0.250000
Ks 0.000000 0.000000 0.000000
Ns 0.000000
map_Kd Dal_Basewalldark.tga

newmtl Dungeons\Textures\Dalaran\Dal_Walldecodark_Btm
Kd 0.750000 0.750000 0.750000
Ka 0.250000 0.250000 0.250000
Ks 0.000000 0.000000 0.000000
Ns 0.000000
map_Kd Dal_Walldecodark_Btm.tga

newmtl Dungeons\Textures\Dalaran\Dal_Floor_02
Kd 0.750000 0.750000 0.750000
Ka 0.250000 0.250000 0.250000
Ks 0.000000 0.000000 0.000000
Ns 0.000000
map_Kd Dal_Floor_02.tga

newmtl Dungeons\Textures\Dalaran\Eb_Dalaran_Trim001Dark
Kd 0.750000 0.750000 0.750000
Ka 0.250000 0.250000 0.250000
Ks 0.000000 0.000000 0.000000
Ns 0.000000
map_Kd Eb_Dalaran_Trim001Dark.tga

newmtl Dungeons\Textures\Dalaran\Dal_Trim04
Kd 0.750000 0.750000 0.750000
Ka 0.250000 0.250000 0.250000
Ks 0.000000 0.000000 0.000000
Ns 0.000000
map_Kd Dal_Trim04.tga

newmtl Dungeons\Textures\Dalaran\Tradskill\Dal_Tradskill_Table
Kd 0.750000 0.750000 0.750000
Ka 0.250000 0.250000 0.250000
Ks 0.000000 0.000000 0.000000
Ns 0.000000
map_Kd Dal_Tradskill_Table.tga

newmtl World\Expansion02\Doodads\Dalaran\Eb_Dalaran_Doors
Kd 0.750000 0.750000 0.750000
Ka 0.250000 0.250000 0.250000
Ks 0.000000 0.000000 0.000000
Ns 0.000000
map_Kd Eb_Dalaran_Doors.tga

newmtl Dungeons\Textures\Dalaran\Dal_Brickwall_Med
Kd 0.750000 0.750000 0.750000
Ka 0.250000 0.250000 0.250000
Ks 0.000000 0.000000 0.000000
Ns 0.000000
map_Kd Dal_Brickwall_Med.tga

newmtl Dungeons\Textures\Dalaran\Dal_Trim02
Kd 0.750000 0.750000 0.750000
Ka 0.250000 0.250000 0.250000
Ks 0.000000 0.000000 0.000000
Ns 0.000000
map_Kd Dal_Trim02.tga

newmtl Dungeons\Textures\Dalaran\Dal_Pillar
Kd 0.750000 0.750000 0.750000
Ka 0.250000 0.250000 0.250000
Ks 0.000000 0.000000 0.000000
Ns 0.000000
map_Kd Dal_Pillar.tga

newmtl Dungeons\Textures\Dalaran\Dal_Stairs_Drk
Kd 0.750000 0.750000 0.750000
Ka 0.250000 0.250000 0.250000
Ks 0.000000 0.000000 0.000000
Ns 0.000000
map_Kd Dal_Stairs_Drk.tga

newmtl Dungeons\Textures\Dalaran\Eb_Dalaran_Stonetrim2
Kd 0.750000 0.750000 0.750000
Ka 0.250000 0.250000 0.250000
Ks 0.000000 0.000000 0.000000
Ns 0.000000
map_Kd Eb_Dalaran_Stonetrim2.tga

newmtl Dungeons\Textures\Dalaran\Tradskill\Dal_Tradskill_Table
Kd 0.750000 0.750000 0.750000
Ka 0.250000 0.250000 0.250000
Ks 0.000000 0.000000 0.000000
Ns 0.000000
map_Kd Dal_Tradskill_Table.tga

newmtl Dungeons\Textures\Dalaran\Dal_Floor_Interior
Kd 0.750000 0.750000 0.750000
Ka 0.250000 0.250000 0.250000
Ks 0.000000 0.000000 0.000000
Ns 0.000000
map_Kd Dal_Floor_Interior.tga

newmtl Dungeons\Textures\Dalaran\Eb_Dalaran_Stonetrim4
Kd 0.750000 0.750000 0.750000
Ka 0.250000 0.250000 0.250000
Ks 0.000000 0.000000 0.000000
Ns 0.000000
map_Kd Eb_Dalaran_Stonetrim4.tga

newmtl Dungeons\Textures\Dalaran\Dal_Basewall_Pattern
Kd 0.750000 0.750000 0.750000
Ka 0.250000 0.250000 0.250000
Ks 0.000000 0.000000 0.000000
Ns 0.000000
map_Kd Dal_Basewall_Pattern.tga

newmtl Dungeons\Textures\Dalaran\Dal_Rock02
Kd 0.750000 0.750000 0.750000
Ka 0.250000 0.250000 0.250000
Ks 0.000000 0.000000 0.000000
Ns 0.000000
map_Kd Dal_Rock02.tga

newmtl Dungeons\Textures\Dalaran\Dal_Rock_Spike
Kd 0.750000 0.750000 0.750000
Ka 0.250000 0.250000 0.250000
Ks 0.000000 0.000000 0.000000
Ns 0.000000
map_Kd Dal_Rock_Spike.tga

newmtl Dungeons\Textures\Dalaran\Eb_Dalaran_Outerwall
Kd 0.750000 0.750000 0.750000
Ka 0.250000 0.250000 0.250000
Ks 0.000000 0.000000 0.000000
Ns 0.000000
map_Kd Eb_Dalaran_Outerwall.tga

newmtl Dungeons\Textures\Dalaran\Eb_Dalaran_Trim002
Kd 0.750000 0.750000 0.750000
Ka 0.250000 0.250000 0.250000
Ks 0.000000 0.000000 0.000000
Ns 0.000000
map_Kd Eb_Dalaran_Trim002.tga

newmtl Dungeons\Textures\Dalaran\Dal_Trim01
Kd 0.750000 0.750000 0.750000
Ka 0.250000 0.250000 0.250000
Ks 0.000000 0.000000 0.000000
Ns 0.000000
map_Kd Dal_Trim01.tga

newmtl Dungeons\Textures\Dalaran\Dal_Walldeco_03
Kd 0.750000 0.750000 0.750000
Ka 0.250000 0.250000 0.250000
Ks 0.000000 0.000000 0.000000
Ns 0.000000
map_Kd Dal_Walldeco_03.tga

newmtl Dungeons\Textures\Dalaran\Dal_Floor_03
Kd 0.750000 0.750000 0.750000
Ka 0.250000 0.250000 0.250000
Ks 0.000000 0.000000 0.000000
Ns 0.000000
map_Kd Dal_Floor_03.tga

newmtl Dungeons\Textures\Dalaran\Dal_Trim04
Kd 0.750000 0.750000 0.750000
Ka 0.250000 0.250000 0.250000
Ks 0.000000 0.000000 0.000000
Ns 0.000000
map_Kd Dal_Trim04.tga

newmtl Dungeons\Textures\Dalaran\Dal_Archwalldark
Kd 0.750000 0.750000 0.750000
Ka 0.250000 0.250000 0.250000
Ks 0.000000 0.000000 0.000000
Ns 0.000000
map_Kd Dal_Archwalldark.tga

newmtl Dungeons\Textures\Dalaran\Dal_Basewalldark
Kd 0.750000 0.750000 0.750000
Ka 0.250000 0.250000 0.250000
Ks 0.000000 0.000000 0.000000
Ns 0.000000
map_Kd Dal_Basewalldark.tga

newmtl Dungeons\Textures\Dalaran\Eb_Dalaran_Trim001Dark
Kd 0.750000 0.750000 0.750000
Ka 0.250000 0.250000 0.250000
Ks 0.000000 0.000000 0.000000
Ns 0.000000
map_Kd Eb_Dalaran_Trim001Dark.tga

newmtl Dungeons\Textures\Dalaran\Eb_Dalaran_Trim002
Kd 0.750000 0.750000 0.750000
Ka 0.250000 0.250000 0.250000
Ks 0.000000 0.000000 0.000000
Ns 0.000000
map_Kd Eb_Dalaran_Trim002.tga

newmtl Dungeons\Textures\Dalaran\Dal_Basewall_Porthole
Kd 0.750000 0.750000 0.750000
Ka 0.250000 0.250000 0.250000
Ks 0.000000 0.000000 0.000000
Ns 0.000000
map_Kd Dal_Basewall_Porthole.tga

newmtl Dungeons\Textures\Dalaran\Dal_Trim01
Kd 0.750000 0.750000 0.750000
Ka 0.250000 0.250000 0.250000
Ks 0.000000 0.000000 0.000000
Ns 0.000000
map_Kd Dal_Trim01.tga

newmtl Dungeons\Textures\Dalaran\Eb_Dalaran_Windows1
Kd 0.750000 0.750000 0.750000
Ka 0.250000 0.250000 0.250000
Ks 0.000000 0.000000 0.000000
Ns 0.000000
map_Kd Eb_Dalaran_Windows1.tga

newmtl Dungeons\Textures\Dalaran\Dal_Walldeco_03
Kd 0.750000 0.750000 0.750000
Ka 0.250000 0.250000 0.250000
Ks 0.000000 0.000000 0.000000
Ns 0.000000
map_Kd Dal_Walldeco_03.tga

newmtl Dungeons\Textures\Dalaran\Dal_Floor_03
Kd 0.750000 0.750000 0.750000
Ka 0.250000 0.250000 0.250000
Ks 0.000000 0.000000 0.000000
Ns 0.000000
map_Kd Dal_Floor_03.tga

newmtl Dungeons\Textures\Dalaran\Dal_Trim04
Kd 0.750000 0.750000 0.750000
Ka 0.250000 0.250000 0.250000
Ks 0.000000 0.000000 0.000000
Ns 0.000000
map_Kd Dal_Trim04.tga

newmtl Dungeons\Textures\Dalaran\Dal_Archwalldark
Kd 0.750000 0.750000 0.750000
Ka 0.250000 0.250000 0.250000
Ks 0.000000 0.000000 0.000000
Ns 0.000000
map_Kd Dal_Archwalldark.tga

newmtl Dungeons\Textures\Dalaran\Dal_Basewalldark
Kd 0.750000 0.750000 0.750000
Ka 0.250000 0.250000 0.250000
Ks 0.000000 0.000000 0.000000
Ns 0.000000
map_Kd Dal_Basewalldark.tga

newmtl Dungeons\Textures\Dalaran\Dal_Trim02
Kd 0.750000 0.750000 0.750000
Ka 0.250000 0.250000 0.250000
Ks 0.000000 0.000000 0.000000
Ns 0.000000
map_Kd Dal_Trim02.tga

newmtl Dungeons\Textures\Dalaran\Dal_Stairs_Drk
Kd 0.750000 0.750000 0.750000
Ka 0.250000 0.250000 0.250000
Ks 0.000000 0.000000 0.000000
Ns 0.000000
map_Kd Dal_Stairs_Drk.tga

newmtl Dungeons\Textures\Dalaran\Eb_Dalaran_Trim001Dark
Kd 0.750000 0.750000 0.750000
Ka 0.250000 0.250000 0.250000
Ks 0.000000 0.000000 0.000000
Ns 0.000000
map_Kd Eb_Dalaran_Trim001Dark.tga

newmtl Dungeons\Textures\Dalaran\Dal_Trim01
Kd 0.750000 0.750000 0.750000
Ka 0.250000 0.250000 0.250000
Ks 0.000000 0.000000 0.000000
Ns 0.000000
map_Kd Dal_Trim01.tga

newmtl Dungeons\Textures\Dalaran\Dal_Walldeco_03
Kd 0.750000 0.750000 0.750000
Ka 0.250000 0.250000 0.250000
Ks 0.000000 0.000000 0.000000
Ns 0.000000
map_Kd Dal_Walldeco_03.tga

newmtl Dungeons\Textures\Dalaran\Dal_Floor_03
Kd 0.750000 0.750000 0.750000
Ka 0.250000 0.250000 0.250000
Ks 0.000000 0.000000 0.000000
Ns 0.000000
map_Kd Dal_Floor_03.tga

newmtl Dungeons\Textures\Dalaran\Dal_Trim04
Kd 0.750000 0.750000 0.750000
Ka 0.250000 0.250000 0.250000
Ks 0.000000 0.000000 0.000000
Ns 0.000000
map_Kd Dal_Trim04.tga

newmtl Dungeons\Textures\Dalaran\Dal_Archwalldark
Kd 0.750000 0.750000 0.750000
Ka 0.250000 0.250000 0.250000
Ks 0.000000 0.000000 0.000000
Ns 0.000000
map_Kd Dal_Archwalldark.tga

newmtl Dungeons\Textures\Dalaran\Dal_Basewalldark
Kd 0.750000 0.750000 0.750000
Ka 0.250000 0.250000 0.250000
Ks 0.000000 0.000000 0.000000
Ns 0.000000
map_Kd Dal_Basewalldark.tga

newmtl Dungeons\Textures\Dalaran\Eb_Dalaran_Trim001Dark
Kd 0.750000 0.750000 0.750000
Ka 0.250000 0.250000 0.250000
Ks 0.000000 0.000000 0.000000
Ns 0.000000
map_Kd Eb_Dalaran_Trim001Dark.tga

newmtl Dungeons\Textures\Dalaran\Dal_Trim01
Kd 0.750000 0.750000 0.750000
Ka 0.250000 0.250000 0.250000
Ks 0.000000 0.000000 0.000000
Ns 0.000000
map_Kd Dal_Trim01.tga

newmtl Dungeons\Textures\Dalaran\Dal_Walldeco_03
Kd 0.750000 0.750000 0.750000
Ka 0.250000 0.250000 0.250000
Ks 0.000000 0.000000 0.000000
Ns 0.000000
map_Kd Dal_Walldeco_03.tga

newmtl Dungeons\Textures\Dalaran\Dal_Floor_03
Kd 0.750000 0.750000 0.750000
Ka 0.250000 0.250000 0.250000
Ks 0.000000 0.000000 0.000000
Ns 0.000000
map_Kd Dal_Floor_03.tga

newmtl Dungeons\Textures\Dalaran\Dal_Trim04
Kd 0.750000 0.750000 0.750000
Ka 0.250000 0.250000 0.250000
Ks 0.000000 0.000000 0.000000
Ns 0.000000
map_Kd Dal_Trim04.tga

newmtl Dungeons\Textures\Dalaran\Dal_Archwalldark
Kd 0.750000 0.750000 0.750000
Ka 0.250000 0.250000 0.250000
Ks 0.000000 0.000000 0.000000
Ns 0.000000
map_Kd Dal_Archwalldark.tga

newmtl Dungeons\Textures\Dalaran\Dal_Basewalldark
Kd 0.750000 0.750000 0.750000
Ka 0.250000 0.250000 0.250000
Ks 0.000000 0.000000 0.000000
Ns 0.000000
map_Kd Dal_Basewalldark.tga

newmtl Dungeons\Textures\Dalaran\Eb_Dalaran_Trim001Dark
Kd 0.750000 0.750000 0.750000
Ka 0.250000 0.250000 0.250000
Ks 0.000000 0.000000 0.000000
Ns 0.000000
map_Kd Eb_Dalaran_Trim001Dark.tga

newmtl Dungeons\Textures\Dalaran\Dal_Trim01
Kd 0.750000 0.750000 0.750000
Ka 0.250000 0.250000 0.250000
Ks 0.000000 0.000000 0.000000
Ns 0.000000
map_Kd Dal_Trim01.tga

newmtl Dungeons\Textures\Dalaran\Dal_Walldeco_03
Kd 0.750000 0.750000 0.750000
Ka 0.250000 0.250000 0.250000
Ks 0.000000 0.000000 0.000000
Ns 0.000000
map_Kd Dal_Walldeco_03.tga

newmtl Dungeons\Textures\Dalaran\Dal_Floor_03
Kd 0.750000 0.750000 0.750000
Ka 0.250000 0.250000 0.250000
Ks 0.000000 0.000000 0.000000
Ns 0.000000
map_Kd Dal_Floor_03.tga

newmtl Dungeons\Textures\Dalaran\Dal_Archwalldark
Kd 0.750000 0.750000 0.750000
Ka 0.250000 0.250000 0.250000
Ks 0.000000 0.000000 0.000000
Ns 0.000000
map_Kd Dal_Archwalldark.tga

newmtl Dungeons\Textures\Dalaran\Dal_Basewalldark
Kd 0.750000 0.750000 0.750000
Ka 0.250000 0.250000 0.250000
Ks 0.000000 0.000000 0.000000
Ns 0.000000
map_Kd Dal_Basewalldark.tga

newmtl Dungeons\Textures\Dalaran\Eb_Dalaran_Trim001Dark
Kd 0.750000 0.750000 0.750000
Ka 0.250000 0.250000 0.250000
Ks 0.000000 0.000000 0.000000
Ns 0.000000
map_Kd Eb_Dalaran_Trim001Dark.tga

newmtl Dungeons\Textures\Dalaran\Dal_Trim01
Kd 0.750000 0.750000 0.750000
Ka 0.250000 0.250000 0.250000
Ks 0.000000 0.000000 0.000000
Ns 0.000000
map_Kd Dal_Trim01.tga

newmtl Dungeons\Textures\Dalaran\Dal_Walldeco_03
Kd 0.750000 0.750000 0.750000
Ka 0.250000 0.250000 0.250000
Ks 0.000000 0.000000 0.000000
Ns 0.000000
map_Kd Dal_Walldeco_03.tga

newmtl Dungeons\Textures\Dalaran\Dal_Floor_03
Kd 0.750000 0.750000 0.750000
Ka 0.250000 0.250000 0.250000
Ks 0.000000 0.000000 0.000000
Ns 0.000000
map_Kd Dal_Floor_03.tga

newmtl Dungeons\Textures\Dalaran\Dal_Trim04
Kd 0.750000 0.750000 0.750000
Ka 0.250000 0.250000 0.250000
Ks 0.000000 0.000000 0.000000
Ns 0.000000
map_Kd Dal_Trim04.tga

newmtl Dungeons\Textures\Dalaran\Dal_Archwalldark
Kd 0.750000 0.750000 0.750000
Ka 0.250000 0.250000 0.250000
Ks 0.000000 0.000000 0.000000
Ns 0.000000
map_Kd Dal_Archwalldark.tga

newmtl Dungeons\Textures\Dalaran\Dal_Basewalldark
Kd 0.750000 0.750000 0.750000
Ka 0.250000 0.250000 0.250000
Ks 0.000000 0.000000 0.000000
Ns 0.000000
map_Kd Dal_Basewalldark.tga

newmtl Dungeons\Textures\Dalaran\Dal_Stairs_Drk
Kd 0.750000 0.750000 0.750000
Ka 0.250000 0.250000 0.250000
Ks 0.000000 0.000000 0.000000
Ns 0.000000
map_Kd Dal_Stairs_Drk.tga

newmtl Dungeons\Textures\Dalaran\Eb_Dalaran_Trim001Dark
Kd 0.750000 0.750000 0.750000
Ka 0.250000 0.250000 0.250000
Ks 0.000000 0.000000 0.000000
Ns 0.000000
map_Kd Eb_Dalaran_Trim001Dark.tga

newmtl Dungeons\Textures\Dalaran\Dal_Trim01
Kd 0.750000 0.750000 0.750000
Ka 0.250000 0.250000 0.250000
Ks 0.000000 0.000000 0.000000
Ns 0.000000
map_Kd Dal_Trim01.tga

newmtl Dungeons\Textures\Dalaran\Dal_Walldeco_03
Kd 0.750000 0.750000 0.750000
Ka 0.250000 0.250000 0.250000
Ks 0.000000 0.000000 0.000000
Ns 0.000000
map_Kd Dal_Walldeco_03.tga

newmtl Dungeons\Textures\Dalaran\Dal_Floor_03
Kd 0.750000 0.750000 0.750000
Ka 0.250000 0.250000 0.250000
Ks 0.000000 0.000000 0.000000
Ns 0.000000
map_Kd Dal_Floor_03.tga

newmtl Dungeons\Textures\Dalaran\Dal_Archwalldark
Kd 0.750000 0.750000 0.750000
Ka 0.250000 0.250000 0.250000
Ks 0.000000 0.000000 0.000000
Ns 0.000000
map_Kd Dal_Archwalldark.tga

newmtl Dungeons\Textures\Dalaran\Dal_Basewalldark
Kd 0.750000 0.750000 0.750000
Ka 0.250000 0.250000 0.250000
Ks 0.000000 0.000000 0.000000
Ns 0.000000
map_Kd Dal_Basewalldark.tga

newmtl Dungeons\Textures\Dalaran\Dal_Stairs_Drk
Kd 0.750000 0.750000 0.750000
Ka 0.250000 0.250000 0.250000
Ks 0.000000 0.000000 0.000000
Ns 0.000000
map_Kd Dal_Stairs_Drk.tga

newmtl Dungeons\Textures\Dalaran\Eb_Dalaran_Trim001Dark
Kd 0.750000 0.750000 0.750000
Ka 0.250000 0.250000 0.250000
Ks 0.000000 0.000000 0.000000
Ns 0.000000
map_Kd Eb_Dalaran_Trim001Dark.tga

newmtl Dungeons\Textures\Dalaran\Eb_Dalaran_Trim002
Kd 0.750000 0.750000 0.750000
Ka 0.250000 0.250000 0.250000
Ks 0.000000 0.000000 0.000000
Ns 0.000000
map_Kd Eb_Dalaran_Trim002.tga

newmtl Dungeons\Textures\Dalaran\Dal_Trim01
Kd 0.750000 0.750000 0.750000
Ka 0.250000 0.250000 0.250000
Ks 0.000000 0.000000 0.000000
Ns 0.000000
map_Kd Dal_Trim01.tga

newmtl Dungeons\Textures\Dalaran\Dal_Walldeco_03
Kd 0.750000 0.750000 0.750000
Ka 0.250000 0.250000 0.250000
Ks 0.000000 0.000000 0.000000
Ns 0.000000
map_Kd Dal_Walldeco_03.tga

newmtl Dungeons\Textures\Dalaran\Dal_Floor_03
Kd 0.750000 0.750000 0.750000
Ka 0.250000 0.250000 0.250000
Ks 0.000000 0.000000 0.000000
Ns 0.000000
map_Kd Dal_Floor_03.tga

newmtl Dungeons\Textures\Dalaran\Dal_Trim04
Kd 0.750000 0.750000 0.750000
Ka 0.250000 0.250000 0.250000
Ks 0.000000 0.000000 0.000000
Ns 0.000000
map_Kd Dal_Trim04.tga

newmtl Dungeons\Textures\Dalaran\Dal_Archwalldark
Kd 0.750000 0.750000 0.750000
Ka 0.250000 0.250000 0.250000
Ks 0.000000 0.000000 0.000000
Ns 0.000000
map_Kd Dal_Archwalldark.tga

newmtl Dungeons\Textures\Dalaran\Dal_Basewalldark
Kd 0.750000 0.750000 0.750000
Ka 0.250000 0.250000 0.250000
Ks 0.000000 0.000000 0.000000
Ns 0.000000
map_Kd Dal_Basewalldark.tga

newmtl Dungeons\Textures\Dalaran\Eb_Dalaran_Trim001Dark
Kd 0.750000 0.750000 0.750000
Ka 0.250000 0.250000 0.250000
Ks 0.000000 0.000000 0.000000
Ns 0.000000
map_Kd Eb_Dalaran_Trim001Dark.tga

newmtl Dungeons\Textures\Dalaran\Eb_Dalaran_Trim002
Kd 0.750000 0.750000 0.750000
Ka 0.250000 0.250000 0.250000
Ks 0.000000 0.000000 0.000000
Ns 0.000000
map_Kd Eb_Dalaran_Trim002.tga

newmtl Dungeons\Textures\Dalaran\Dal_Basewall_Porthole
Kd 0.750000 0.750000 0.750000
Ka 0.250000 0.250000 0.250000
Ks 0.000000 0.000000 0.000000
Ns 0.000000
map_Kd Dal_Basewall_Porthole.tga

newmtl Dungeons\Textures\Dalaran\Dal_Trim01
Kd 0.750000 0.750000 0.750000
Ka 0.250000 0.250000 0.250000
Ks 0.000000 0.000000 0.000000
Ns 0.000000
map_Kd Dal_Trim01.tga

newmtl Dungeons\Textures\Dalaran\Eb_Dalaran_Windows1
Kd 0.750000 0.750000 0.750000
Ka 0.250000 0.250000 0.250000
Ks 0.000000 0.000000 0.000000
Ns 0.000000
map_Kd Eb_Dalaran_Windows1.tga

newmtl Dungeons\Textures\Dalaran\Dal_Walldeco_03
Kd 0.750000 0.750000 0.750000
Ka 0.250000 0.250000 0.250000
Ks 0.000000 0.000000 0.000000
Ns 0.000000
map_Kd Dal_Walldeco_03.tga

newmtl Dungeons\Textures\Dalaran\Dal_Floor_03
Kd 0.750000 0.750000 0.750000
Ka 0.250000 0.250000 0.250000
Ks 0.000000 0.000000 0.000000
Ns 0.000000
map_Kd Dal_Floor_03.tga

newmtl Dungeons\Textures\Dalaran\Dal_Trim04
Kd 0.750000 0.750000 0.750000
Ka 0.250000 0.250000 0.250000
Ks 0.000000 0.000000 0.000000
Ns 0.000000
map_Kd Dal_Trim04.tga

newmtl Dungeons\Textures\Dalaran\Dal_Archwalldark
Kd 0.750000 0.750000 0.750000
Ka 0.250000 0.250000 0.250000
Ks 0.000000 0.000000 0.000000
Ns 0.000000
map_Kd Dal_Archwalldark.tga

newmtl Dungeons\Textures\Dalaran\Dal_Basewalldark
Kd 0.750000 0.750000 0.750000
Ka 0.250000 0.250000 0.250000
Ks 0.000000 0.000000 0.000000
Ns 0.000000
map_Kd Dal_Basewalldark.tga

newmtl Dungeons\Textures\Dalaran\Dal_Trim02
Kd 0.750000 0.750000 0.750000
Ka 0.250000 0.250000 0.250000
Ks 0.000000 0.000000 0.000000
Ns 0.000000
map_Kd Dal_Trim02.tga

newmtl Dungeons\Textures\Dalaran\Dal_Stairs_Drk
